_viz_0 = nengo_gui.components.Slider(control)
_viz_config[_viz_0].max_value = 1
_viz_config[_viz_0].min_value = -1
_viz_config[_viz_0].x = 0.13109127232716306
_viz_config[_viz_0].y = 0.4807927331073105
_viz_config[_viz_0].width = 0.044328946274118444
_viz_config[_viz_0].height = 0.14322484213354833
_viz_config[_viz_0].label_visible = True
_viz_1 = nengo_gui.components.Slider(stim)
_viz_config[_viz_1].max_value = 1
_viz_config[_viz_1].min_value = -1
_viz_config[_viz_1].x = 0.25257497769612297
_viz_config[_viz_1].y = 0.4769623491439518
_viz_config[_viz_1].width = 0.044328946274118444
_viz_config[_viz_1].height = 0.14322484213354833
_viz_config[_viz_1].label_visible = True
_viz_2 = nengo_gui.components.Value(a)
_viz_config[_viz_2].max_value = 1
_viz_config[_viz_2].min_value = -1
_viz_config[_viz_2].show_legend = False
_viz_config[_viz_2].legend_labels = ['label_0', 'label_1']
_viz_config[_viz_2].synapse = 0.01
_viz_config[_viz_2].x = 0.6972782193189374
_viz_config[_viz_2].y = 0.7673910273884652
_viz_config[_viz_2].width = 0.08865789254823689
_viz_config[_viz_2].height = 0.14322484213354833
_viz_config[_viz_2].label_visible = True
_viz_net_graph = nengo_gui.components.NetGraph()
_viz_progress = nengo_gui.components.Progress()
_viz_config[_viz_progress].x = 0
_viz_config[_viz_progress].y = 0
_viz_config[_viz_progress].width = 100
_viz_config[_viz_progress].height = 100
_viz_config[_viz_progress].label_visible = True
_viz_sim_control = nengo_gui.components.SimControl()
_viz_config[_viz_sim_control].shown_time = 0.5
_viz_config[_viz_sim_control].kept_time = 4.0
_viz_config[a].pos=(0.7727272727272727, 0.49999999999999994)
_viz_config[a].size=(0.15151515151515152, 0.10869565217391303)
_viz_config[control].pos=(0.19696969696969696, 0.19565217391304346)
_viz_config[control].size=(0.1212121212121212, 0.08695652173913043)
_viz_config[model].pos=(0.11156535262807732, 0.12675474906329298)
_viz_config[model].size=(0.8442598538023351, 0.8442598538023351)
_viz_config[model].expanded=True
_viz_config[model].has_layout=True
_viz_config[stim].pos=(0.19696969696969696, 0.8043478260869565)
_viz_config[stim].size=(0.1212121212121212, 0.08695652173913043)